0.03636363636363636
0.05454545454545454
0.07272727272727272
0.09090909090909091
0.10909090909090909
0.12727272727272726
0.14545454545454545
0.16363636363636364
0.18181818181818182
0.2
0.3090909090909091


0.03636363636363636
0.05454545454545454
0.07272727272727272
0.09090909090909091
0.10909090909090909
0.12727272727272726
0.14545454545454545
0.16363636363636364
0.23636363636363636
0.03636363636363636
0.03636363636363636
0.01818181818181818
0.03636363636363636
0.05454545454545454
0.07272727272727272
0.09090909090909091
0.10909090909090909
0.12727272727272726
0.14545454545454545
0.16363636363636364
0.2727272727272727
0.03636363636363636
0.05454545454545454
0.07272727272727272
0.09090909090909091
0.10909090909090909
0.12727272727272726
0.14545454545454545
0.16363636363636364
0.18181818181818182
0.2
0.32727272727272727
0.01818181818181818
0.03636363636363636
0.05454545454545454
0.07272727272727272
0.09090909090909091
0.10909090909090909
0.12727272727272726
0.14545454545454545
0.16363636363636364
0.2727272727272727
